      x                y              z
head 6.97        11.63         -2.09  
     6.97           4.57       -2.00

body 0.00            0.00         0.00

hand_L 10.51          3.82         1.48
 	3.50        -1.00       0.99

hand_R -10.51          3.82         1.48
 	-3.50        -1.00       0.99

leg_L   1.00         -14.00         2.00
       -1.00         -10.00         2.00

leg_R   -4.00         -14.00         2.00
       -2.00         -10.00         2.00

sword  -7.33        -3.85        14.69	//A
	 0.25       -1.70         13.40 //B
	-0.67	   -8.89 	14.19     //B' Å@NEWèIì_
	 